image: map_of_metal_detector_robot.pgm
resolution: 0.050000
origin: [-24.400000, -10.000000, 0.000000]
negate: 0
occupied_thresh: 0.65
free_thresh: 0.196

